#BEST ARMA
R1ARMA<-c(9,1,8,1)
R2ARMA<-c(5,9,9,9)
R3ARMA<-c(1,7,6,4)

#BEST ARMAXS
R1ARMAXS<-c(9,2,9,6)
R2ARMAXS<-c(8,9,4,6)
R3ARMAXS<-c(2,7,7,1)

#BEST ARMAXW
R1ARMAXW<-c(9,3,5,1)
R2ARMAXW<-c(4,8,2,1)
R3ARMAXW<-c(7,7,6,8)

#BEST LSTAR
R1LSTAR<-c(2,2,4,4)
R2LSTAR<-c(2,4,4,4)
R3LSTAR<-c(1,1,1,4)

#BEST LSTAR WWUK
R1LSTARWWUK<-c(3,3,3,1)
R2LSTARWWUK<-c(1,2,2,2)
R3LSTARWWUK<-c(2,4,2,3)

#BEST ARMAXGT
R1ARMAXGT<-c(9,1,9,6)
R2ARMAXGT<-c(9,9,9,8)
R3ARMAXGT<-c(7,7,6,9)

#BEST ARMA-ANN
R1ARNET<-c(6,8,5,6)
R2ARNET<-c(1,3,7,2)
R3ARNET<-c(8,8,7,2)

#BEST ANN
R1GNET<-c(6,2,1,6)
R2GNET<-c(1,9,1,2)
R3GNET<-c(3,4,1,9)

#BEST ANN MEAN
R1GNETMEAN<-c(5,7,1,6)
R2GNETMEAN<-c(7,7,8,5)
R3GNETMEAN<-c(9,9,7,1)


