ord_for_gg<-list(
c(2,0,0),
c(2,0,0),
c(1,0,1),
c(0,0,2),
c(0,0,2),
c(2,0,0),
c(0,0,2),
c(2,0,0),
c(0,0,2),
c(0,0,2),
c(0,0,2),
c(0,0,1),
c(1,0,1),
c(2,0,0),
c(2,0,0),
c(0,0,2),
c(2,0,0),
c(2,0,0),
c(0,0,2),
c(0,0,2),
c(0,0,1),
c(0,0,1),
c(2,0,0),
c(2,0,1),
c(1,0,2),
c(2,0,0),
c(0,0,2),
c(2,0,0),
c(0,0,2),
c(1,0,1),
c(2,0,0),
c(0,0,2),
c(0,0,1),
c(2,0,0),
c(2,0,0),
c(0,0,1),
c(0,0,1),
c(0,0,1),
c(1,0,2),
c(1,0,1),
c(2,0,1),
c(2,0,0),
c(2,0,0),
c(2,0,2),
c(2,0,0),
c(2,0,1),
c(0,0,2),
c(2,0,0),
c(0,0,2),
c(2,0,0),
c(2,0,0),
c(0,0,2),
c(2,0,0),
c(2,0,0),
c(1,0,1),
c(2,0,0),
c(0,0,2),
c(2,0,1),
c(1,1,2),
c(1,0,1),
c(1,0,1),
c(2,0,0),
c(2,0,0),
c(2,0,2),
c(2,0,0),
c(0,0,2),
c(2,0,1),
c(2,0,0),
c(0,0,2),
c(2,0,0),
c(0,0,2),
c(2,0,1),
c(0,0,1),
c(0,0,2),
c(2,0,0),
c(0,0,2),
c(2,0,1),
c(2,0,0),
c(0,0,1),
c(0,0,2),
c(2,0,0),
c(0,0,2),
c(0,0,1),
c(2,0,0),
c(0,0,2),
c(0,0,2),
c(0,0,2),
c(0,0,1),
c(2,0,1),
c(0,0,2),
c(1,0,1),
c(0,0,1),
c(2,0,2),
c(0,0,2),
c(1,0,1),
c(0,0,1),
c(0,0,1),
c(2,0,1),
c(2,0,1),
c(2,0,1),
c(0,0,1),
c(0,0,1),
c(0,0,2),
c(0,0,2),
c(0,0,2),
c(2,0,0),
c(2,0,2),
c(0,0,1),
c(0,0,1),
c(2,0,0),
c(0,0,1),
c(0,0,1),
c(0,0,1),
c(0,0,2),
c(2,0,0),
c(0,0,1),
c(0,0,2),
c(0,0,2),
c(0,0,2),
c(2,0,0),
c(2,0,0),
c(0,1,0),
c(0,0,1),
c(2,0,1),
c(2,0,2),
c(2,0,0),
c(2,0,2),
c(2,0,0),
c(2,0,0),
c(0,0,2),
c(0,0,2),
c(2,0,0),
c(2,0,1),
c(2,0,0)
)
